0.00012829346316510796,
0.0005281463018776059,
0.5794709162746696,
0.00015026540726373376,
0.9999005263689468,
0.00025882453222045743,
0.005737133895121052,
0.8149290303786938,
0.510569523045883,
0.9999854308805826,
0.00018756997890091026,
0.9981612450213238,
0.9974615944563833,
0.010119334346811932,
0.9999193030983297,
0.9999995615334039,
0.0026170614930482805,
0.0018052151609571695,
0.025469564329468054,
0.40654701611618205,
0.013420187954243414,
0.19185088747356913,
0.9624164626286645,
0.0026359255742035696,
0.00013272805777896635,
0.9939057857587147,
0.5439397849485471,
0.9913964421103029,
0.9970242816952425,
0.9999995159069711,
0.9557151199789011,
0.00300183528717933,
0.9999864193306238,
0.0013255884729592214,
0.9738790815792954,
0.0036561862712145483,
0.0019392603994037817,
0.0026662236683157124,
0.0002214522439498973,
0.9990942729991115,
0.9902841378112199,
0.002166434618815525,
0.954678230452118,
0.00374521637472797,
0.9963021960640506,
0.6313748852092778,
0.8257316476876565,
0.0006285059856732094,
0.0052789159598360825,
0.9999999979077574,
0.999999930585754,
0.9986909975215293,
0.4420318703827612,
0.0005154780087553306,
0.1607754362397096,
1.894270626453879e-05,
0.3021782324396498,
0.9995064078030245,
0.9989705368998227,
0.9970421515094186,
0.3531447255978548,
0.9560933275238127,
0.9963988979154327,
0.9973313250549668,
0.04468575885127731,
0.9712035461219954,
0.9605089957489861,
0.0004266724264596079,
0.7226602114220397,
0.002970308655603287,
0.00546844955654462,
0.0004994199894908231,
0.9951233762450374,
0.19096044575527885,
0.9222616216060971,
0.9258646886911862,
0.002976060989267113,
0.9987514927750738,
0.4883502240511437,
0.11144957499166519,
0.004395181505397299,
0.4669333439527639,
0.00025798362765691753,
0.7159650975788525,
0.9950555954376932,
0.9773090747823372,
0.062461687567853814,
0.6376811685191782,
0.09854696370372841,
0.0019960948423971207,
0.9819286044475065,
0.9686982285651294,
0.9999996918792186,
0.9995841076052685,
0.002989671069445614,
0.9906992645918126,
0.9844804564373462,
0.9999672723896679,
0.9456184209337316,
0.00028694381437122275,
0.9158359503429995,
0.6306032273195996,
0.0014538972029371278,
0.8888325959065818,
0.001987187591354698,
0.2184068895195945,
0.0008436267100276646,
0.9999988300010965,
0.6644941455096592,
0.0005079756960046659,
0.0006676492551520591,
0.002012165459688508,
0.00434346318196137,
0.9984312218752778,
0.9999997782950588,
0.0020453978640522174,
0.22885123123346227,
9.22066426241922e-05,
0.9901510983956138,
5.459705567842909e-05,
0.9875162097875719,
0.9999995781601189,
0.030608728276305515,
0.18067485323210078,
0.0003034873679332824,
0.9999798564795672,
0.8351686209448005,
0.1580343530633726,
0.0018128738299273987,
0.9999693293843666,
0.0019263614211780262,
0.19463271411070912,
0.007184246762179685,
0.9919054706226841,
0.9784777299137934,
0.9999028932709842,
9.339175662482834e-05,
0.0019277216301120785,
0.8144329433328542,
0.9512070932133899,
0.9905794430722931,
0.42039394164030847,
0.0030236283333995675,
0.9820765289285938,
0.9999990858266018,
0.38954559082311563,
0.09559913999160559,
0.9708483997621914,
0.9966116331456522,
0.09675292935917361,
0.00011087976417617849,
0.0001163438466081988,
0.10398708061851844,
0.03876652881257221,
1.2856067237006693e-05,
0.0016567042515727196,
0.9993618811599077,
0.9999999999899682,
0.018650323667106113,
0.004093073870810129,
0.9952699179397988,
0.011776326767627852,
0.9742563167568066,
0.9988619193208795,
0.9999997519285129,
0.8888895220529199,
0.0003540465197638394,
0.05635470030164078,
6.415382866505442e-05,
0.005476475024324071,
0.097295400511471,
0.004300936695331528,
0.0003029145940821485,
0.9998348730205097,
0.0005992044796307336,
0.0005896802669498821,
0.9983301686367395,
0.9545435415366238,
0.4423591576484074,
0.9994957714652632,
0.0012949493012099904,
0.9999997628164151,
6.504995568646647e-05,
0.008053177356947657,
0.001791297412615982,
0.04160760500575724,
0.9999914675593872,
0.9672203388091933,
0.9600615882540593,
0.00011648771810452716,
0.00220622110655729,
0.007464639453909,
0.008601854750618296,
0.00030500685353838583,
2.2289470230163194e-05,
0.9999982433632462,
0.9955674127582692,
0.00021463404592385348,
0.0013096935994335891,
0.9998496643924571,
0.0036496040770922855,
0.0015392892765420051,
0.21229183147195457,
0.00046322747751731576,
0.0004585785460614425,
0.0005623820867830279,
4.724804905689964e-05,
0.9724759792382813,
0.970249867444079,
0.2778784563802648,
0.5120266105601333,
0.9998774868946047,
0.00020250650023128627,
0.9248203992526812,
0.001749007206129102,
0.002358003221219833,
0.018865430181436993,
0.0014953428684169857,
0.99952089794562,
0.012632878883002546,
0.05634341669566282,
0.988966484638096,
0.7810320124050425,
0.006079658550558182,
0.0003115554643887501,
0.0020462907683774754,
0.0001480578448620997,
0.017945286835227867,
0.029668997297269573,
0.31202729111024674,
0.00012232323394913218,
0.42683241457629784,
0.004042290757104044,
0.09399532881615652,
0.33997790790375987,
0.7528025472338143,
0.0006346203011493667,
3.971050850905408e-05,
7.73633353007953e-05,
0.086947246492572,
0.992336426268141,
0.0007245840152288175,
0.005412187533303408,
0.9203221939812541,
0.00784110724645034,
0.9846582761697499,
9.281422042189017e-05,
0.00027930969867985853,
0.9977163932433272,
0.0020669091612198973,
2.934071511221768e-06,
2.859592896327361e-05,
0.16292584251717032,
0.21005440867162872,
6.0806479050398397e-05,
0.9990076574201484,
0.00016971280743091293,
0.00029678535778080703,
0.00015215919350270346,
0.015090262186435922,
0.9997128234320198,
0.7979021648754286,
0.9465418183437595,
0.9998518086892138,
0.0025293985656469537,
0.3217012432602183,
0.00027847079204539087,
0.0019260545962261218,
0.19611047549580132,
0.00058098538075772,
0.0029680108441637234,
0.41632696870823294,
0.002346329828569908,
0.723479756444496,
0.9996497811066001,
0.01864892437324031,
0.0027019885485886725,
0.07047156613479778,
0.012135913186837571,
0.010472295595666252,
0.999999655472969,
0.00042694173813783787,
0.970354101335985,
0.9995870980533225,
0.20322614109085405,
0.0563031383041619,
0.04565396225035451,
0.0706455037253564,
0.0004184102648249736,
0.999963944681083,
0.04458173485703501,
0.1575401584391497,
0.00046301035698575695,
0.0020037385976345422,
0.0013426222214651853,
0.9999998654263776,
0.9999996912522201,
0.0042592649388255065,
0.0003098268202253615,
0.9983705158451811,
0.8698785022949768,
0.045584253154729006,
0.3642838677788606,
0.0006445802768069859,
0.9237437250344434,
0.0007289644093366402,
0.03309394335313857,
5.686514034116883e-05,
0.0002282622447200992,
0.8018161581047157,
0.002994275189242131,
0.055471695278641805,
0.9996365931759824,
0.007299395707796934,
0.01682595398405936,
0.9999987842451145,
0.9926818211300449,
0.8839219398406647,
0.00014599930066766986,
0.0011984468658246953,
0.002365988645418839,
0.0003628279706794813,
0.007540707946959069,
0.9998655943410225,
0.2165911623270152,
0.0012381903914276539,
0.01169470215274415,
0.4175684824081561,
0.9926051362703301,
0.9345823287456051,
0.18851297845073417,
0.9746762920007593,
1.0442219268432051e-05,
0.0009493194900080095,
0.9968516181139813,
0.004529387386086694,
0.00012622257816653594,
0.0033811925587929246,
0.9792400176794984,
0.013381558660916542,
0.002702966092437481,
0.0003802931830442588,
0.000919396795211526,
0.4247883896689133,
0.9989449180672523,
0.0009621040352723225,
0.00011309262861625757,
0.8174477673548408,
0.9991759083903782,
7.254702285234078e-05,
0.1634093355934475,
0.009373350957617968,
1.0685736650351455e-05,
0.9402617324469617,
0.0018068659843379483,
0.9999998237677279,
0.005319378061043657,
0.03938500930342517,
0.0008024406027928792,
0.9999999903018063,
0.9928498443735846,
0.9844759198735011,
0.0005409108396159238,
0.07035679980877764,
2.283369945662343e-05,
0.005274910740161886,
0.021531360455325308,
0.9973115101386039,
0.07875240969644283,
0.3448089554334384,
0.00040800335419423426,
0.9573240651778765,
0.0007160594143334888,
0.9718083771105668,
0.0006790568516976618,
0.9992029532733607,
0.8170066420517881,
0.9227420904580778,
0.9464038176199145,
0.9984879724067661,
0.0026504979738796257,
0.32538160718156467,
0.934918210167444,
0.04771920497854945,
0.999609640534896,
0.006254083035633447,
0.0033020034655200374,
0.999999903939489,
0.0004896330723413027,
0.4126851254175995,
0.9979684186506093,
0.8067428506466059,
0.21846609158165464,
0.99731893893655,
0.00041001208310788875,
0.0012378078694957038,
0.9999999999979954,
0.025762347825570627,
0.9083485913430498,
0.00021620466105012532,
0.0004409854836551631,
0.9999384092312769,
0.15112100785021143,
0.22298835942157577,
0.0002527399788176194,
0.5098272624444022,
0.007274181128616181,
0.00039412874011913323,
0.9647077795004497,
0.9827131309701939,
0.5900856128271691,
0.0014605253541823122,
0.7124448312212441,
2.667645656784487e-05,
0.5258749191780983,
0.1324819443435657,
0.0634784112295719,
0.01405256194970343,
0.0027940190048789944,
0.9999797447967411,
0.011306367154910572,
0.015826834762632483,
0.14630845692170172,
0.0012922488276856869,
0.9940652906306716,
0.00039205857714879163,
0.00016381582433347734,
0.24130006465464357,
0.0006394619768549298,
0.014624100345033022,
0.00015380586556341513,
0.9943399215437252,
0.9927863651099914,
0.973760582741316,
0.00020533149232335456,
0.004524376286103425,
0.001387863677745107,
0.03280454096914376,
0.9992036284877064,
0.9972683204151228,
0.00348289778723978,
0.9973408081167344,
0.9999862016027545,
0.0005738022684897172,
0.0006334877060944321,
0.9983079847666105,
0.00010424714196281609,
0.015361264124375195,
0.014563999206560652,
0.9873577712233418,
0.0029429258001057537,
0.9998723669997516,
0.0003869166838738429,
0.9999955636110915,
0.02310472841645797,
0.26478580435490506,
0.9996467888376557,
0.047639857597384906,
2.9881070574050924e-05,
0.9832333896601725,
0.9999588642965171,
0.33953039586066874,
0.1615890902963749,
0.0031799094277238484,
0.9996939404716126,
0.0003624743121415504,
0.739041514108168,
0.996690234509491,
0.004561994198744251,
0.9726312210483291,
0.001354709226151381,
0.999740736745042,
0.0007895519237784362,
0.29385525164286863,
0.0005312677797527285,
0.4222219512847763,
0.010847383142916398,
0.9973098067048092,
0.00024250284035294423,
0.005698485119045234,
0.003903532746770742,
0.062140443732225006,
0.022906440383534992,
0.06638551699863963,
0.010077124009513133,
0.8209460869098617,
0.001794702041568379,
0.9999504228121655,
0.9831658616958667,
3.209330564210084e-05,
0.01867932618523299,
0.9993680223798358,
0.005970335310372072,
0.6094672060058574,
0.0048574452420822424,
8.523214777620475e-05,
0.00017379929264975893,
0.02137721024249686,
0.11892513215780785,
0.0014699713756746544,
0.9962056114266729,
0.9999991122580782,
0.007587018587192406,
0.029033063613195558,
0.0026552729958284793,
0.06779361320152444,
0.9999975153917737,
0.31466100780402084,
0.04258886389934758,
0.0017263682247525957,
0.8864510191943581,
0.9990222149645511,
0.0003977211375775369,
0.8969600338781556,
0.9845049501197904,
5.7560103713814566e-05,
0.004730249548406728,
0.0052870124944359885,
0.9897720834843028,
0.9903561344019556,
0.008966748503787706,
0.39130501954486796,
0.00042994334793444483,
0.000371725458703292,
8.190221386423309e-05,
0.9997991388370235,
0.0016162722375161799,
0.0016755937337094135,
5.706478227528238e-06,
0.9973290488999002,
0.9501647881394415,
9.613259215117073e-05,
0.9958967811377659,
3.7077575844896626e-05,
0.005721716952118481,
0.00044512086870903225,
0.001322801260393565,
0.9998557858731175,
0.9999143876725828,
0.9994867960014919,
0.0007914233845660497,
0.00020706649653900165,
0.00778395960159977,
0.0003638679750988677,
0.9977305261863619,
0.26038639794155943,
0.9995552228376423,
0.9988521327820875,
0.9970099373088627,
0.9821453349245653,
0.015438412465725014,
0.037161354841099656,
0.9893327762474713,
0.0011849754134638298,
0.039221026232830455,
0.9559844854497517,
0.027238103054087404,
0.6924254360266102,
0.03219721514673649,
0.013944851173476746,
0.14762846086402018,
0.7322416063921544,
0.00022945039595050943,
0.05627379258074185,
0.006806312339022464,
0.991555064830524,
0.366864450532249,
0.04457214867641175,
0.0007450457096091227,
0.00020522270686543199,
0.9999999999999927,
0.012852962033629118,
0.001028457865147878,
0.19154948182609738,
0.9938323437935545,
0.9999597540504495,
0.2121653834611673,
0.5115697186946231,
0.0025453432189890004,
0.029622048112892607,
0.0007416365247043798,
0.02463320744730669,
0.06928444546783401,
0.9999490852699996,
0.20529906586874835,
0.1076064339120293,
0.9998893264898255,
0.009153221712791324,
0.9738316622931319,
0.9994601787545762,
0.9721067259753878,
0.0006567300594712272,
0.9941755018474066,
0.9999357567719329,
0.3007625067826059,
0.9999591662408525,
0.005366154319577637,
0.9999998514754772,
6.404644448256496e-05,
3.621471225569833e-05,
0.9999959749428097,
0.9999705853001238,
0.0703237733823858,
0.0009006473270004385,
0.7587651504851604,
0.05651878235845834,
0.0006898348519603279,
0.06023371624657291,
0.9989833529012597,
0.9999111964188317,
0.9583416590768866,
0.9999097042218164,
0.999928940857171,
0.0009499675417999982,
0.0004903418874668616,
0.0001031905752875824,
0.9996353488247636,
0.1046028590761096,
0.9786139015930138,
0.9989709733154452,
0.019246934129981897,
0.005680331486254799,
0.00020322630196430326,
0.004381949508345869,
0.9999999999968132,
0.0071613127793000945,
0.4805463821686621,
0.9976923502191403,
0.0002273964502412745,
0.9702275160421908,
0.00014393855553889893,
0.0008379910315661117,
0.0011904824011351616,
0.001180403278217778,
0.0020088141000879477,
0.00012877738225935422,
0.0011903638536729041,
0.0005577605539242756,
0.9970101185102375,
0.9999681185816948,
0.010694748706002118,
0.9412841161567672,
0.993359582133416,
0.07566508508035846,
0.8112863453723926,
0.0036241242425562713,
0.013038089260561308,
0.993924432023633,
0.06563852607596109,
0.9798455127029048,
0.3503562841757027,
0.012320364678780478,
0.00045194296383843863,
0.9254163180365766,
0.0042609256467533345,
0.00022591399209084698,
0.8874404730640174,
0.999089352090349,
0.9389601259543336,
0.7814806128277451,
0.011892737306183634,
0.05842375486291109,
8.979942592824256e-05,
0.0008470897898955081,
0.0003595425328371463,
0.9989574282547263,
0.5030269372792856,
0.8561280121122955,
0.9995663193735701,
0.012426310997714572,
0.22172033805943608,
0.005173426345762421,
0.015596033808159623,
0.31053822231650163,
0.09540504757695785,
0.999956686087387,
0.9927842747273785,
0.9999752149025677,
0.999953737527716,
0.984836897914007,
0.029038332761273163,
0.7739357614522095,
0.004034615404226104,
0.9876582952870252,
0.9999773143540308,
0.5946767862272178,
0.9998900963240375,
0.9999776719171823,
0.004256477436394427,
0.0036476196908453258,
0.6064196840251698,
0.9986526180682385,
0.9773359848882696,
4.048717391084464e-06,
0.7888903756652585,
0.00034006986211876817,
0.06749755357248265,
2.022420075565486e-05,
0.14442322514776196,
0.00011307479245419106,
0.8991781007182731,
0.997339384240911,
0.9892130418479452,
0.001043163382613227,
0.9838536729117434,
0.9999836016124317,
0.06392683193739179,
0.9999904096935768,
0.000572424363682111,
0.0027509122359900286,
0.9989454517425899,
0.999970717353009,
0.0008442070221693879,
0.9999153469247837,
7.460613622707001e-05,
0.0001020201608974225,
0.0013174967188513303,
0.001803429041813233,
0.9999763019916045,
0.013552751047800671,
0.999999732511277,
0.0006876453876335796,
0.9437926065336193,
0.003474820397065679,
0.9559777054959679,
0.5447406656391007,
0.0008836306904231142,
0.9999999999991882,
0.9576074778581342,
0.0014932778827600928,
4.190887714120499e-05,
0.02395537350030339,
0.022827141031940768,
0.9932390459277173,
0.0010364210996481116,
0.0003441661742631083,
0.0013842755378253345,
0.0013018325354050727,
0.9995367585034663,
3.558559200485408e-05,
0.004287611037347039,
0.8853359104812217,
0.9996047403222844,
0.0027896093496896125,
0.9743800540874613,
0.0005449929199886299,
0.9653075327506973,
0.0006973123962024278,
0.9928798469948518,
0.9863449789718818,
0.00044607309788128767,
0.04147256452643571,
0.008063487831800803,
0.018522541921581523,
0.020022419620923364,
0.0004540823550298583,
0.004690016376287238,
0.030972247527101725,
0.001381103400707165,
0.49693350664484387,
0.9277858367999648,
0.2252558233100977,
0.0005335381160376354,
0.013024908465120702,
0.9999999993937989,
0.01709353006918167,
0.010863251197905393,
0.00031520168185524396,
0.00723708187451453,
0.0381806124616637,
0.007985471268938405,
0.2361286940242418,
0.9202966258426956,
0.9910173499032197,
0.000155981339980688,
0.880562898326256,
0.28199621875252756,
0.999999114476784,
0.0017978893571182414,
0.9073622330230412,
0.9998434244190457,
0.023778318934667513,
0.0018549656967624703,
0.0012260180188852514,
0.001954403748078641,
0.9999264113230766,
0.003749944583735541,
0.0008205556552218345,
0.9999930152198618,
0.9997498590849403,
0.9758300315578583,
0.9998402871265447,
0.9987566015568212,
0.00040776200894160043,
0.0006170289612757648,
0.019326794223324447,
0.0018547740039755495,
0.9999078281091532,
0.411524019572347,
0.0005656373524623833,
0.9857017425243259,
0.6471839256890026,
0.040923910444310964,
0.0009872081973097192,
0.5991063050602017,
0.002031806162608104,
0.3770896016989007,
0.9795005877745142,
0.0018234673015983004,
0.006051238258199252,
0.03676703801892306,
2.3931089874066023e-05,
0.9995722126785831,
0.003621913755238227,
0.0010196712606955563,
0.06289095736043945,
0.06263641155606263,
0.2797853476306318,
6.368206606902588e-05,
0.9999607239128091,
0.005871564800413539,
0.9592686954544782,
0.0016227079944321438,
0.9996530997423525,
0.002802289464882287,
0.9999022362271611,
0.9545740699651982,
2.7085526798659595e-05,
0.049304320097486184,
0.42249261899887536,
0.12146712707054558,
0.012106319499894911,
0.0024832492858246225,
0.022772249793723186,
0.9999857147024461,
0.9999985540014028,
9.549240191082155e-05,
0.0023035461832798185,
0.3245306562269655,
0.9999367348385211,
0.00016914731633737155,
0.060674885570137664,
0.0046113949905018615,
0.9990937130077115,
3.987363101508436e-05,
0.35558111241645957,
0.9991651319816763,
0.9829413582588081,
0.9967960084291677,
0.9997358838257536,
0.006621034483215406,
0.9992545916366916,
0.9999822161459536,
0.0010625246509159488,
0.0005856097575255067,
0.9507080626345384,
0.9813147694520773,
0.9999915012362304,
0.019053348096490105,
0.005371437386226423,
0.0036006185981384783,
0.0016703449191196595,
0.9999999822951392,
0.0005960339288001668,
0.9998761890388176,
0.992094893034067,
0.9979611683614281,
0.0013207649666979807,
0.0009131188775291452,
0.0002285897613674213,
0.03404610820833425,
0.9997898076731173,
0.05838951078925225,
0.9999450152970216,
0.9542266308068271,
0.003942476787529848,
0.06701691003324198,
0.0023115709587699126,
0.0038491696904915627,
0.0010911478208696988,
0.000376668470927463,
0.0031660619411766843,
0.6883574134708371,
0.7415180294163954,
0.23434367342962592,
0.9936701484203179,
0.04133897002762746,
0.0007789256813419857,
0.001222240428993973,
0.018920657971527848,
0.9839024940308746,
0.6661956585512517,
0.43618734071895215,
0.0020511434295419173,
0.8859116728252094,
0.00039367434527638105,
0.014702868068583078,
0.0883297561422592,
0.9999930131146415,
0.028802574975479646,
0.9948364959883927,
0.99999996925471,
0.005261256248910057,
0.004009785335317549,
0.9559585364953866,
0.007935948275178623,
0.07004065354168601,
0.04773157313252636,
0.9996803229607168,
0.8477863530639281,
0.0010732024243302433,
0.021569596370915607,
0.0863653132063078,
0.9999999952248666,
0.9999763431296318,
0.002024458207888603,
0.00210518217464513,
0.047345565518873305,
0.9989289415519531,
0.004011256789520901,
0.9999995011519202,
0.04172048686789607,
0.0033838923486146835,
0.000398999295123395,
0.8456720817696228,
0.16048633085561506,
0.425628644035031,
0.023677493835322472,
0.004087939907825538,
0.7584215152747062,
3.172734672662874e-05,
0.9599190150047678,
0.9999980238558004,
0.0005696515429113608,
0.9998857138762892,
0.0051851668155953445,
1.331256610491568e-05,
0.0017948455635687915,
0.9866469254325879,
0.9996876207611847,
0.9945073101587997,
0.9998572498043792,
0.9078756261372108,
0.022941010394800728,
8.98348857550131e-05,
0.878556950094888,
0.014000700429515059,
0.4429848818549839,
0.9999999954600758,
0.04192107078396756,
0.0006435652063042326,
0.011220262884794215,
0.9943151512331402,
0.9996713175150985,
0.00043395777870510333,
0.9885766029987176,
0.0001013413550426531,
0.9636557450985372,
0.03942331229641197,
1.2756295493739615e-05,
0.9999999971049573,
0.998533821767182,
0.05962555093992423,
0.9465257921502297,
0.37281107737885105,
0.6800393914785798,
0.0029407759125310647,
0.9993468117906138,
0.4271536610872915,
0.9999999893521679,
0.002259139628606814,
0.681134325088502,
0.9884128508677041,
0.000447370450992657,
0.020524960586472227,
5.478829107327912e-05,
0.027050621828537666,
0.01878887274081493,
0.078481150615657,
0.010824010094939652,
0.0002864805938821237,
0.9997749287837793,
0.9999999962362636,
0.0009275478084216606,
0.010320508338317314,
0.00018775557624686086,
0.014534113904085683,
0.0020398026065153734,
0.0001535815146512748,
0.00012267445273984046,
0.008690999747483349,
0.0032183883264337264,
0.060281104218022005,
0.00042918644354388534,
1.0007597042950485e-05,
0.0631623227616074,
0.999784112485315,
0.002476519457710164,
0.9165717678087903,
0.06308268289229768,
