0.14518175153375887,
0.014400437440991717,
0.8668669324169094,
0.03355324999169416,
0.9901413913676029,
0.04683684608349715,
0.0605796025828259,
0.9717350586765625,
0.8984661513906153,
0.9960928296483298,
0.06114474033875289,
0.9750853773880171,
0.9622086642561188,
0.4432931693961542,
0.9934085273629952,
0.9890428907898233,
0.21736033902915697,
0.03111881471873622,
0.38660820051141276,
0.5611177746175331,
0.02021387309000139,
0.9809380186999094,
0.9905940366628252,
0.3681546733531026,
0.21651356139138866,
0.9911336264107599,
0.9857873457970265,
0.9930593629661618,
0.989460136248553,
0.9982678228214455,
0.9405277747443408,
0.02790503862292597,
0.9919572838383679,
0.22711219969072408,
0.9887370892060269,
0.10583567315262431,
0.169663096738164,
0.30178216538189256,
0.06263639395020927,
0.9911291382959064,
0.9370118095836074,
0.04162763782388797,
0.962906372824151,
0.24931105063039263,
0.9871823833166752,
0.9568287680140961,
0.47997285136461504,
0.04352882530275202,
0.13410715559791309,
0.9951139658665243,
0.9938786456024655,
0.9893356024415113,
0.9913286708915894,
0.14386523255150804,
0.9106059921124582,
0.027388020486394084,
0.9155985137878713,
0.9838621051976281,
0.9934935142086683,
0.9617204136162765,
0.9507010206617259,
0.9806158387096593,
0.990630682238152,
0.9949380364903876,
0.9923076712539093,
0.8941805768404572,
0.9555875686622732,
0.016214366324913118,
0.965746043396665,
0.4770800927939657,
0.030721489215376898,
0.1920594583062999,
0.9805649217170268,
0.13796293954152763,
0.9759830405511452,
0.6709565752142214,
0.02439158285982818,
0.9427126152808041,
0.9942934253127732,
0.11882677502991426,
0.08894580283098655,
0.9942913598374379,
0.03770526031721179,
0.5125583157680246,
0.9894932055462251,
0.8041411642630387,
0.39507735760728097,
0.9469754621064967,
0.11497007032778676,
0.32461953168117624,
0.9849181935326556,
0.9921132600884042,
0.9753899671741212,
0.9926940452679835,
0.07240884120753192,
0.949298874468719,
0.9844179304591386,
0.990230694930082,
0.9887527268657934,
0.5328253669646689,
0.9223779191739601,
0.4403576671500422,
0.07395756869465245,
0.16707327629321683,
0.034819125898429025,
0.9561375151557217,
0.03068744504261479,
0.9367899377392314,
0.8248019504596689,
0.024653669426135245,
0.11642931111846481,
0.8558257098834426,
0.3282867857785361,
0.9923286979498053,
0.9946659842836307,
0.02451886132189856,
0.970705092205247,
0.043995845119049685,
0.9795682749204798,
0.021549932110211785,
0.9968613367763207,
0.9953561283315195,
0.1949926723175691,
0.38288425877720667,
0.14842699614718535,
0.9720970691160059,
0.9565991733948098,
0.839879348492983,
0.8800339144185407,
0.9587570177937634,
0.06920669217560324,
0.7186508786288478,
0.25759040791697874,
0.994724143974788,
0.98600072541014,
0.986679885271687,
0.03154444468959503,
0.06471362051471376,
0.9818560687652496,
0.902330697748066,
0.844939578652524,
0.8230584540655012,
0.06295329858772598,
0.9589818542162507,
0.9942324438789562,
0.9706579709186273,
0.8540771975223275,
0.9361831600506673,
0.9928362970308604,
0.8209598904538787,
0.021170022290424362,
0.03950892408262774,
0.8641314118592819,
0.23360296840942504,
0.02205345354532071,
0.30574049574685375,
0.988560743589778,
0.9870091868441631,
0.05924799598107612,
0.0807601259970046,
0.9846030160215679,
0.048475163316053956,
0.9257371817327498,
0.9813425927840436,
0.9927527513780356,
0.9662499770747357,
0.028212256514676674,
0.40569635089404005,
0.08661079540442249,
0.03946600679313588,
0.2540334652836207,
0.058111015363138945,
0.033079222982508975,
0.9973290346917988,
0.2751691712804122,
0.4390892735502513,
0.9956024806983172,
0.9915018475325422,
0.9700581109495392,
0.9933125590428149,
0.05503202965591892,
0.955779263457807,
0.12455595211412918,
0.03733364850160656,
0.08527792492236458,
0.6048371926891974,
0.9962635403989062,
0.9663563941934046,
0.9935123873850287,
0.03658410906495229,
0.12149430006337641,
0.18541602289435835,
0.12955429709838112,
0.021440049133185674,
0.017661099871043428,
0.9946110580257594,
0.9923546144384959,
0.05234125581075338,
0.05773710037718573,
0.9610952391794879,
0.015287233685801508,
0.14161934063134163,
0.9898683104569703,
0.023766875301689482,
0.054332751261686414,
0.034641161869701016,
0.04577014560515807,
0.9717004587759841,
0.9770826976937016,
0.525840708246981,
0.8396106759093841,
0.9968228241170004,
0.039966350683976075,
0.9968850686102484,
0.08156194083973553,
0.07678684645666387,
0.3925507718426472,
0.29046349087111634,
0.9907076686721128,
0.06864199251015465,
0.09292251866372472,
0.9768007611311573,
0.5548743920077567,
0.2157021529021507,
0.1361572937505137,
0.06832329747480306,
0.08818660825805917,
0.23452829575046846,
0.5600790009959332,
0.6062201267780831,
0.0241022321294704,
0.7533572758687421,
0.03198116641196086,
0.7016144012027149,
0.800798654061074,
0.4709501425146003,
0.11743715539776299,
0.10205660601052405,
0.05432138755584793,
0.9738609821773729,
0.9200606813004979,
0.03608127625363248,
0.14474061991247547,
0.992499665486292,
0.02818669987984767,
0.9770472083021984,
0.23682888043814648,
0.07529705008101292,
0.9595995908437481,
0.9303885886607935,
0.02624707516728063,
0.015823572396863536,
0.4334437833393216,
0.7210774100264693,
0.03214852775516684,
0.9912689123648494,
0.12122237187814709,
0.06585287725737954,
0.05746356863778137,
0.2984695397716194,
0.984904207002962,
0.8109506205378776,
0.9347637124760009,
0.9832340845512828,
0.11790626725935392,
0.8599503339305343,
0.04649489667066081,
0.06430962456752272,
0.18222257041927994,
0.02744159291652388,
0.18978684917186456,
0.31009095388049557,
0.5623686213435395,
0.9876824472563825,
0.9966191417511338,
0.09753997235256077,
0.01977803619244943,
0.10246632500123021,
0.7559260527027927,
0.5066109339668627,
0.997607155670448,
0.04720335362436823,
0.9613620919610438,
0.990868947494123,
0.904141333747702,
0.7542803508504665,
0.06735878292843071,
0.33050317742280155,
0.018955018238740906,
0.9790899262586072,
0.4679552035030815,
0.45199864931639905,
0.196991651878034,
0.25702595333448963,
0.4067458047725913,
0.9923437135939933,
0.9914676134819597,
0.24551195012978952,
0.07225934506827959,
0.9922942051765041,
0.9873077906858108,
0.9194356734052869,
0.8938100770433978,
0.025467669745769535,
0.971614514537119,
0.0750861214421371,
0.7701999832053908,
0.059387671496340985,
0.07227434321054295,
0.9959685173987662,
0.059017108935860624,
0.13888812503400705,
0.9945927847549673,
0.11669416187123943,
0.2418409748765043,
0.9876704894867332,
0.9828278689335941,
0.9946690668855295,
0.03550123392355114,
0.11099759013656366,
0.043368304276114274,
0.01941729466235629,
0.20118754581241327,
0.9854214804863318,
0.4030996712122044,
0.023811492516037095,
0.03152168892803766,
0.9119697452104552,
0.9815202298444187,
0.9447464500187512,
0.3775857116486853,
0.8648633161059659,
0.026877095801691238,
0.0357883295519252,
0.9875166572364111,
0.041762573997234875,
0.03359153469482655,
0.06163344261332379,
0.8204063919550875,
0.268424683435989,
0.08659141696535928,
0.08040639404167568,
0.034860567985085064,
0.9815762678355422,
0.9800498318111763,
0.4723416052840183,
0.22540115478818015,
0.928316218816438,
0.9862748757118726,
0.025958844852825978,
0.48906821650871096,
0.3614570031730301,
0.041360404459862825,
0.7765209755139558,
0.05721655995554186,
0.9925056771017777,
0.0878746174961988,
0.31221375396168527,
0.11225099706639269,
0.9837187693174871,
0.9742725646665032,
0.9932116369119328,
0.030811233742944637,
0.7251960004615844,
0.032043845339918366,
0.08448525515053724,
0.11975134438603253,
0.9778090142783084,
0.5494067173824873,
0.6257022965167691,
0.03516496901747946,
0.9215970613137124,
0.033121794467377605,
0.9440879745929125,
0.19195739454931585,
0.9910044323165147,
0.8142745136808424,
0.9847009379712423,
0.9216638285826632,
0.9861150204209072,
0.2668407383388128,
0.9452925072792487,
0.9726016381249255,
0.09554449189390392,
0.9873758953652523,
0.10627036818385831,
0.41968838999118274,
0.9921796051118049,
0.03041741740478075,
0.5839917221026081,
0.949526922782737,
0.6960973784655392,
0.7407967939264019,
0.9950807079581807,
0.05585597715504028,
0.04900403523226924,
0.9938496956186131,
0.3762232838024466,
0.9952922710674599,
0.08957567793910325,
0.060989752100596116,
0.9960488243882243,
0.9518334075200161,
0.7520805180034824,
0.020713459365568683,
0.9337720844871653,
0.11034390470685487,
0.07228033214978924,
0.8964283852695167,
0.8221513584375375,
0.8836743648065932,
0.8098634304229653,
0.7199318453556749,
0.02407993409577742,
0.7863617622344311,
0.14016884064536686,
0.7896029394331244,
0.9608846481932689,
0.0471277142577444,
0.9779232518096322,
0.12077653760968475,
0.03675606355549617,
0.98026124678172,
0.051356228690613466,
0.906845310369194,
0.01996189887008225,
0.20141005058825018,
0.8608622716430689,
0.056985722927270936,
0.6073603027399509,
0.04360877984218561,
0.9901735286998467,
0.9152273199865473,
0.938087490431071,
0.016061464744625456,
0.2967671769463739,
0.093635031648968,
0.6605319695975603,
0.9940214580658444,
0.9843575392220515,
0.3719675773815181,
0.9869664032780977,
0.9934970643306805,
0.07686909453948046,
0.029613671922452633,
0.9968548798643139,
0.023129980537375465,
0.07026046252905935,
0.1253080162183801,
0.8535578230936469,
0.1072283590180287,
0.9674165359369764,
0.108737551023713,
0.9836031011024721,
0.23732727161539988,
0.990082195610251,
0.9589811524610423,
0.3924460658543628,
0.10345912144384313,
0.9792058141243773,
0.9898923799501039,
0.7529156709544744,
0.46868827763222154,
0.049345622342771546,
0.9738059504454012,
0.09940606175778233,
0.9878938874060819,
0.9849959318589809,
0.07116201276501621,
0.9507530766567519,
0.037777996526025474,
0.908324922329785,
0.023993189905834,
0.8597760350191178,
0.058052530474852204,
0.9000554840654633,
0.5805346525239106,
0.9963413003553634,
0.094015836146952,
0.1516742789083534,
0.0769768533957747,
0.4864772547777727,
0.10775816687639121,
0.30461189715577824,
0.05886128274598541,
0.6252789259608273,
0.17509414673483184,
0.9977932550646655,
0.98586605928741,
0.05095039632966871,
0.10389667782922657,
0.9886004410630992,
0.3873400965607044,
0.9176839411727791,
0.15190170152479837,
0.03587472805148032,
0.050969588861561964,
0.18827119033962364,
0.1570783281409358,
0.03510043351451339,
0.950483059229172,
0.9879454830830022,
0.10574406846344162,
0.9283636403650392,
0.05704828080770083,
0.47816461312555397,
0.9923904425609761,
0.661290007700932,
0.0577450809792986,
0.7714680112902315,
0.989407389934096,
0.9878552195801417,
0.02785187144123427,
0.9565934638363213,
0.9637826431078393,
0.0897854789014223,
0.1346752123390824,
0.35969029291214016,
0.9979372056257755,
0.9277998995255997,
0.7486780399285148,
0.20568130127635104,
0.02759016815973484,
0.14366952168577765,
0.10118677098025737,
0.9934067636045146,
0.12133186605137487,
0.016389954969491284,
0.02249169975828053,
0.9940350760023378,
0.9894762677384659,
0.018628625262805985,
0.9713122394272452,
0.08038834226434245,
0.07989972747142408,
0.020756707798238953,
0.06196000892332693,
0.997719340708215,
0.9964750435988762,
0.9904556106943021,
0.034949836032954554,
0.03650527788893219,
0.3414768498149704,
0.033992034370129855,
0.9812747161915542,
0.3147407091667075,
0.9911959580727819,
0.9854278153993008,
0.9826893672039452,
0.984307354263568,
0.18055976942763716,
0.1756835234004297,
0.9484278058771465,
0.0595426999884722,
0.20491855863275482,
0.9787713437774855,
0.055628831112521815,
0.9594437212141559,
0.7012998594383507,
0.15700948630777345,
0.8938851178344619,
0.9567177211323388,
0.02808472612961514,
0.7994075438823619,
0.07274345212787404,
0.9630135855534523,
0.6881784675627011,
0.26103257970792954,
0.02023623426475276,
0.017013811076187286,
0.9959414062105236,
0.31920871314374033,
0.0768167793708327,
0.7395302175924746,
0.9656128622949481,
0.9944059101158933,
0.07180463007383553,
0.4146698374333595,
0.42216172998188767,
0.46657450800403466,
0.038746223933427235,
0.30686736383103724,
0.46170205338140685,
0.9933508220855495,
0.5422700237765826,
0.2035519377364357,
0.9879794310321088,
0.23611258261414605,
0.9968059942854313,
0.985721274193752,
0.9876278858273504,
0.04140917828445647,
0.9838072383826522,
0.9984798748686717,
0.991302413369458,
0.9874105068277398,
0.03583058441172923,
0.9890281760723681,
0.019081427924828868,
0.14703020500434352,
0.9970911094634867,
0.9737849315539542,
0.6919464208920904,
0.11019424386287355,
0.991106950906411,
0.17118961760788334,
0.05528218079321045,
0.16349016598834326,
0.9414606580383735,
0.9530230470428157,
0.9666189439061476,
0.9945190685779474,
0.9954420787599932,
0.06752555116810248,
0.055124930853778065,
0.06931878155200154,
0.9823680027560938,
0.9424971005263516,
0.9916383892838119,
0.9952792939403934,
0.32355742013893024,
0.13475776328152686,
0.19931624134794682,
0.056271478541553274,
0.9973033258626416,
0.975655466335898,
0.9915820858094319,
0.9843091508470163,
0.05540250411647456,
0.9889162291940127,
0.11675774919505949,
0.04025058178398352,
0.11798914664697119,
0.07125629968611953,
0.10236219348198547,
0.04423077694990522,
0.10250398512279546,
0.08389402597216314,
0.970536013720414,
0.9950513292825632,
0.7062093024211266,
0.9497170496020001,
0.9913787797257311,
0.5106231396535279,
0.9208235550445052,
0.12289833312301908,
0.8187860716296678,
0.9821648604841273,
0.11285111996540304,
0.95464202986447,
0.659906697487974,
0.2609238510657044,
0.29247347255662925,
0.9940507052656585,
0.13207439851986405,
0.03651271210147409,
0.9440710509272014,
0.9873096836765185,
0.8554265979512825,
0.9516819071380277,
0.13037111748726818,
0.5421725627999177,
0.016039799922894386,
0.3183746819116238,
0.13497168108717425,
0.9921425254563196,
0.48457745773926525,
0.8766753838208842,
0.9884856172662517,
0.36042747313251433,
0.6802980791966686,
0.29852360643955234,
0.3108881357877585,
0.8229606455593997,
0.8443820550528536,
0.9963916117379642,
0.9452592804120262,
0.9931494973225785,
0.9903690152694209,
0.7871549941619219,
0.03546550474333704,
0.9738649230269941,
0.15728405394852815,
0.9893952218372738,
0.9959471753023691,
0.9794380472909285,
0.9551830687138869,
0.988997102422298,
0.16670121110891134,
0.042247504927178166,
0.9753856983843018,
0.9941063189607546,
0.9738202136700553,
0.017395718013320027,
0.9670763198214594,
0.06436842520160886,
0.1716451184032162,
0.09627826641536442,
0.8784329121709611,
0.03327367039913124,
0.8445890028227729,
0.9942494245435907,
0.9775316368083471,
0.15435394278534875,
0.9542705341230773,
0.9957456943999704,
0.45856650140532335,
0.9282162053069796,
0.10372432572781067,
0.041657555481647554,
0.9904279930562403,
0.9885967868066647,
0.04200893040819089,
0.9906511971851002,
0.025816926389734964,
0.019041683618732933,
0.04717910500884876,
0.0518464966393963,
0.9823492981470121,
0.6432473084451531,
0.9945051668876934,
0.1917450941134732,
0.97105815245098,
0.09188092197214046,
0.9516685411490878,
0.5258149426579863,
0.2353653021831056,
0.9954234947850816,
0.9749340156338797,
0.04132528796009093,
0.027995978360570307,
0.2778151468813628,
0.5010170399370862,
0.9437428806592261,
0.04190449526392712,
0.0959001474650068,
0.028117896805245946,
0.2423090419158907,
0.9750171141707705,
0.023651257560548557,
0.06171675187905794,
0.9141086139657643,
0.9943484710138853,
0.07195586184658082,
0.7636453163044706,
0.038233013769319195,
0.96848776057434,
0.0387495250128159,
0.982066129954167,
0.9002517097719578,
0.033367863786050195,
0.4825329036596945,
0.14852738326418582,
0.37399823199777404,
0.07674246224778741,
0.09433679911016205,
0.14654181127103547,
0.3348427677821401,
0.01702905024587875,
0.8892689343013707,
0.9731512550356913,
0.8729413350755776,
0.023715111055781873,
0.05170995819058551,
0.9955613686244822,
0.20014392813433216,
0.1809333831833624,
0.0717129018946338,
0.14220261926554617,
0.31967067255540327,
0.23601676442811842,
0.6532757137078999,
0.8726921312862577,
0.947860765895765,
0.02744270172212374,
0.9469547546999122,
0.9373659100210409,
0.9448229679873325,
0.020734770302493738,
0.5419226177098804,
0.9841596731797595,
0.05718807907016985,
0.02633592235433321,
0.029964417873580743,
0.03738696254087198,
0.9956194967365916,
0.06182241688459942,
0.053177142427670965,
0.9926564187511615,
0.9794095080062274,
0.9176876984407972,
0.9973695607987668,
0.9799842114412471,
0.4298047471261548,
0.04480498531501152,
0.14029451781264665,
0.2752955424374658,
0.9612955499655287,
0.930306577220327,
0.33553980702034764,
0.3951575087411331,
0.802920034921916,
0.4433091380875055,
0.070998668652621,
0.44787028307549837,
0.03868677131212538,
0.5315616989794316,
0.9547103801723013,
0.31993434364968687,
0.16455781997713198,
0.30126865560425564,
0.047502866604868896,
0.9944777653871549,
0.10708132328725127,
0.04084285453968451,
0.2877310994837911,
0.7174947006591033,
0.9461098059161039,
0.17835773839613517,
0.991132610269395,
0.6503592961269901,
0.9753856253467922,
0.05751336312802473,
0.9899363031613537,
0.027220846236125612,
0.9977600112088066,
0.9899017072193799,
0.018182449039813156,
0.05156118120245619,
0.9157052975440054,
0.26934851673220356,
0.03886177138940341,
0.05595072050371572,
0.0795918624951708,
0.9970138018095529,
0.9958765338524624,
0.019005224777480463,
0.21101006368354217,
0.9324355297147455,
0.9900120671739985,
0.06007160013002993,
0.4756533284156867,
0.2277901397879801,
0.5815493514870651,
0.02381162187096755,
0.6061385516103293,
0.8699985419131437,
0.8195283929554026,
0.9732845135178874,
0.9980394428337546,
0.027549389478383205,
0.9953817509172548,
0.98744894643378,
0.014049763190245711,
0.1830506069408378,
0.6633918162783087,
0.6194497252679727,
0.9767241594972815,
0.41172022227831634,
0.025079641371414524,
0.029461091832685377,
0.3221532266000062,
0.9967362969373229,
0.026361580574142365,
0.9889296260766678,
0.9825968814572039,
0.9781086844888746,
0.04945641644921235,
0.1252694917929283,
0.022176220903231483,
0.09911792691996446,
0.9823642594586224,
0.16541599431905013,
0.9940718369368983,
0.7772438105652147,
0.06012544196677003,
0.4803811124596068,
0.154634385315236,
0.046527463165281134,
0.33546813198071396,
0.02224034672345184,
0.03303695841633024,
0.9545380667574255,
0.779245553643325,
0.585743298525538,
0.9448713201798086,
0.611148888277614,
0.04715692947911993,
0.03314402970005292,
0.30486298963675046,
0.9865887290094197,
0.06291095666769765,
0.7296952479771959,
0.31865073446347936,
0.986459005222056,
0.14446009331140403,
0.7895527602900985,
0.0918784649569748,
0.9954606873199442,
0.9356283293681221,
0.9890246090123812,
0.9921758289542242,
0.19800115827303078,
0.08579062464942869,
0.8940779662040801,
0.09771701255631694,
0.22016481838803773,
0.09595838369081083,
0.31733470371958866,
0.7359838831242366,
0.0767060966017067,
0.39408878698398336,
0.10425244986429681,
0.9970128713263317,
0.9887056977522489,
0.05704483131362974,
0.12952217707104036,
0.1244031313290152,
0.9913731890851565,
0.12723273118515993,
0.9967977816842832,
0.6971967922562192,
0.10007920320189134,
0.023482437903360673,
0.9920250495072023,
0.9076947090467493,
0.6690078649151789,
0.28596989841118414,
0.23430938478313235,
0.9568033281697079,
0.030934181272263203,
0.8572769951252048,
0.9976707606399937,
0.05779752001895666,
0.9664460126461436,
0.6683576311807765,
0.016324401648180133,
0.03190345514675998,
0.9626495019475834,
0.9956782288179267,
0.9924250049958128,
0.9956893863535264,
0.9919123445265854,
0.3352858631350752,
0.06305614553675494,
0.9456915020838348,
0.4241916738585905,
0.9874048638647221,
0.9982002917994574,
0.33358183441357564,
0.09603856528464409,
0.32416169185460814,
0.9095760019779167,
0.9877881040906873,
0.0706956055889643,
0.9787726290749401,
0.03704681616183578,
0.962732525585257,
0.9129412966271282,
0.028219056468076466,
0.9928023144341561,
0.9814512931633124,
0.17492050614765348,
0.951881299698552,
0.4897310580495209,
0.9867155752366293,
0.13630280202238504,
0.9898884753693452,
0.9428929629654149,
0.9966917618514786,
0.1284704672643138,
0.9792903772953747,
0.9812000256960093,
0.04849813037865878,
0.038845095919620515,
0.07224233597384715,
0.04499540917539402,
0.07776464834658545,
0.569873422510945,
0.9299289121001245,
0.12204156338811928,
0.9947493136730088,
0.9985350461410112,
0.0532429203404332,
0.9665883198469984,
0.22008836505663792,
0.07699259946868552,
0.06961817718279747,
0.05606948898531088,
0.04032540624779217,
0.07881565578761242,
0.08532149458009584,
0.2500414322456228,
0.03394911037877281,
0.03490434388425902,
0.6751066055599357,
0.9900506156553213,
0.10798668290214856,
0.9613368929432198,
0.2547070360239655,
