0.20150009405064695,
0.044750521718465955,
0.7324611084018621,
0.04826611261563936,
0.7665297295339534,
0.1162747733001183,
0.047665148408616624,
0.7339578107476685,
0.5395556149668644,
0.8403137632641542,
0.03488257140600827,
0.7257773335238302,
0.787004648541915,
0.4227963379752324,
0.9305177235080385,
0.8903253210476441,
0.12240373027532295,
0.12722379295943928,
0.1547444823514425,
0.45920639934864776,
0.04116301038375354,
0.4483639295116573,
0.820782224364067,
0.09325574646233616,
0.18440005627175696,
0.8023566433471551,
0.7201515823296651,
0.8489291169985606,
0.8461941373565617,
0.8608404282746214,
0.7781431496011638,
0.09039163680042374,
0.826461784814486,
0.11673599886935376,
0.8180222342777563,
0.14521195744719625,
0.12339452847123202,
0.14187769100976622,
0.056457919341831274,
0.7908761762546376,
0.763643650040345,
0.08980020978263381,
0.7609634084680027,
0.11390611299747044,
0.7375235866332104,
0.4278744042803442,
0.6515357645046261,
0.05326460334323756,
0.0945834466014233,
0.8481209867679275,
0.9482574998621874,
0.7289957017159906,
0.8167997944246764,
0.11568063438088394,
0.7160698576994787,
0.07428576515242041,
0.6198799238603924,
0.7496913430437647,
0.8846924823051885,
0.6331200912791409,
0.6218513490961521,
0.8044391634645416,
0.6640374019840422,
0.822500603188983,
0.6813761657905604,
0.614299355242639,
0.8171241184253909,
0.05600939476377829,
0.7099951701112899,
0.10895157579512008,
0.04197440673483272,
0.09586908457750845,
0.767450828153356,
0.4825184750120419,
0.7560247332326901,
0.7328152705178309,
0.05787972877769068,
0.7032156126096201,
0.8403310487096763,
0.07025290960260683,
0.05891644194728965,
0.8388409231370209,
0.06150141777463325,
0.791333683421096,
0.825577059640047,
0.78081380385895,
0.08385118492595996,
0.555603199066489,
0.36305140894244325,
0.13226723861995854,
0.6881065697586093,
0.719812396630513,
0.8389832157538077,
0.7655188352986256,
0.09578800298959,
0.7624247288468012,
0.7274314610078262,
0.8322017370712232,
0.674221804663861,
0.2353762791227239,
0.7261796450702288,
0.7403421992843195,
0.08942715243251805,
0.09367950657896669,
0.08086574396352209,
0.7067678331228299,
0.10532636267679232,
0.8342745060651987,
0.08835887072726792,
0.03994529139931237,
0.1666058463146464,
0.13591909106601766,
0.23470646025149816,
0.8484795752790653,
0.899235831958437,
0.07528798868945624,
0.6980388611692556,
0.11891022026567068,
0.8098274508976504,
0.06724841293705516,
0.7429551184617086,
0.8362471479022568,
0.28597556944649305,
0.14439470163527487,
0.061261992133198544,
0.7872124728003796,
0.8529554329078266,
0.5747409801309672,
0.31355582569024243,
0.750646359460598,
0.08897099439487945,
0.36913117884217284,
0.140696120677733,
0.8986769779057725,
0.7582700948397396,
0.7722771824979493,
0.07384992016943263,
0.20067560513167598,
0.8447531746685751,
0.7222908785603509,
0.6827776609246543,
0.6564511257865107,
0.2097318092239811,
0.7717687822431722,
0.9022600308711851,
0.14603976218017065,
0.3401601251311563,
0.7382531514813578,
0.7904188420894517,
0.17819424222404473,
0.04788948846766664,
0.08433699929236614,
0.7058122542399157,
0.6281898601685373,
0.04092014215570657,
0.0863917687124726,
0.8378146716372061,
0.8599168453638578,
0.14205538505859597,
0.07710555810694225,
0.7475247787272792,
0.07479512828291686,
0.8566620168200294,
0.821601863126715,
0.9143875481896718,
0.5386824091277054,
0.03037405526011297,
0.306623502922338,
0.07833687658668789,
0.11946344004585063,
0.08262549425162155,
0.13329514428277017,
0.06652053713163512,
0.7882956777925398,
0.10128522527958865,
0.09971843906125175,
0.8051626635045934,
0.8361689970838414,
0.5023434042543545,
0.7915548288208131,
0.06799404786980481,
0.9338801417004908,
0.17667399344236126,
0.10244958314832457,
0.08298502885007189,
0.2226467701430947,
0.7959083010183586,
0.6728119940428069,
0.787672781781561,
0.06223411870061797,
0.1057664512739236,
0.2397877135204907,
0.20845704809728344,
0.0355677091991286,
0.04755346043839239,
0.8960637378287044,
0.742891876802207,
0.07812645402283962,
0.08990855199603488,
0.7920853008174066,
0.033529139836220544,
0.06824244844239459,
0.7062450227940007,
0.055494032402151824,
0.06100070296590916,
0.02360784956638212,
0.030950466460888015,
0.7518467678380275,
0.8548471217547862,
0.7115848271237893,
0.6824590362434781,
0.9157810952116162,
0.05090442227176262,
0.7516064182665705,
0.10138097008413784,
0.08950605266356619,
0.11928090030096394,
0.2626124367998225,
0.7617185150210208,
0.1516629268607286,
0.1259108488311165,
0.59837500503222,
0.2000992713625107,
0.1531743860806415,
0.07283979954863588,
0.08035742823798676,
0.06958067323303867,
0.13465387700146947,
0.6337972980626608,
0.13773910930418617,
0.03814281317191729,
0.18511728248729423,
0.11480673940641754,
0.23420205886893256,
0.5122362559937462,
0.32234261452765656,
0.08858000613498672,
0.07371890922113661,
0.030619840107330785,
0.7700315605896423,
0.5435499202879619,
0.08952019531094982,
0.10286344025341877,
0.7359946707503688,
0.13220509575929987,
0.815455118426531,
0.16337066595540078,
0.03652778407584945,
0.6630824397640773,
0.13469955165281708,
0.05168054256298236,
0.020751408127353328,
0.17369471552015323,
0.461465763452568,
0.05053229253373206,
0.9183711505263737,
0.14623827750622498,
0.09216981358094901,
0.05974844810666044,
0.1361049762423396,
0.8607677263123186,
0.6505252767328142,
0.6134391377767789,
0.7963655582563665,
0.07573115038985989,
0.3800920293490494,
0.09198147237838418,
0.12113989053045952,
0.12885529907934987,
0.04933335202458878,
0.09453938700197198,
0.3952804944558484,
0.2020890485641461,
0.7067912000751875,
0.8423556222947064,
0.10603467818614282,
0.05739526142986443,
0.1387671449130846,
0.1486319400774147,
0.26030101440939596,
0.9784620183100139,
0.05394126810011527,
0.7574341643481691,
0.7655731213127893,
0.7767715077985251,
0.3810091571499304,
0.125454433553482,
0.23028366115362547,
0.04781511108655287,
0.7401968901346945,
0.5861066729883061,
0.06578111090892608,
0.06852342533356617,
0.13795778699724784,
0.13872099575542643,
0.8176858437891984,
0.8184220307583251,
0.10607789257738276,
0.08331239832346592,
0.8067980433151157,
0.8124532581317238,
0.6966149350726829,
0.19212272995819338,
0.07698664521092353,
0.8438349324253859,
0.07664735008371319,
0.638063447390532,
0.04398241740083967,
0.0660897567979204,
0.7511606860426246,
0.16615392811608864,
0.10013820874820574,
0.8246992581270343,
0.04743756855111934,
0.08709937991940143,
0.8807376872944868,
0.8003750369355843,
0.8753895160758526,
0.07648884584789506,
0.07350408306065939,
0.06869428761483178,
0.03878090551636914,
0.1740655776679194,
0.8028900570400016,
0.2100471361059578,
0.04561584120390146,
0.044318739422511334,
0.4703877316549175,
0.8337567458541463,
0.760542119113241,
0.1043843369878286,
0.7313519347540516,
0.053511018147546545,
0.0654056888369855,
0.9016398112053892,
0.0726869350613587,
0.10115623533895016,
0.07867968583935848,
0.6984252176375058,
0.18698740364840405,
0.07639278459230565,
0.07291542503322321,
0.039852393091388626,
0.6596182661627804,
0.8247421794695409,
0.17072441749803513,
0.13877155498213994,
0.7254063111783744,
0.8407440611470839,
0.06516784835461265,
0.6283217722439127,
0.10486749462543674,
0.08227373076498626,
0.3785796601589435,
0.07569144396494332,
0.7943945457476281,
0.09924571067570116,
0.37792008317922876,
0.04996662765192313,
0.9398740908543123,
0.7011067583665719,
0.8684514751022075,
0.05139009431585055,
0.22979487122782158,
0.05989635078410021,
0.11518645892399446,
0.06882318651914891,
0.7984643450057708,
0.26155263777176097,
0.7613483549912884,
0.0751251742913568,
0.8182750250637958,
0.050570989983201066,
0.6183466836488261,
0.10438660766958362,
0.7877236588412599,
0.7246661618286172,
0.7764098460827868,
0.7060738172343515,
0.8419947547473796,
0.14889012355706552,
0.7225581507425521,
0.7240441093806359,
0.107395941679805,
0.8686800921154022,
0.09246060087235697,
0.09690548893232576,
0.805681696369981,
0.051269636475395494,
0.21422239989874856,
0.7649300512823598,
0.21571711528754944,
0.3640790136092762,
0.8142226699541569,
0.07432782445538864,
0.03969655659696273,
0.8170765859030023,
0.14019982983036816,
0.8882158141641096,
0.11141064849925171,
0.10751701819231695,
0.7939403596261058,
0.37962929648483384,
0.2927489776863027,
0.03766968212094663,
0.5877483983792255,
0.10155439502971833,
0.12123452336945185,
0.6151936697013316,
0.6192736870252347,
0.5755843754616192,
0.7280791370110453,
0.41881465378197774,
0.04629195016785475,
0.6813250793634423,
0.2472962685342084,
0.7367076070190285,
0.7075015058611577,
0.05542862484804278,
0.7703558001190399,
0.08762261314533021,
0.07065209088302156,
0.1492741303178491,
0.0676143340283818,
0.7469528897751263,
0.05611291217124969,
0.19569511307372994,
0.5937885552214441,
0.18528399144750116,
0.08111956242190256,
0.07470858357440326,
0.788125350282863,
0.6435099507575291,
0.6910205201566777,
0.04026136728090418,
0.15952708469913224,
0.09074608222323012,
0.30404678262832935,
0.7788248171396643,
0.8293274661646916,
0.11449681184145392,
0.7429766157240494,
0.8179175388770621,
0.07023269911689028,
0.14238862218075285,
0.7299046444699135,
0.10787424656729275,
0.06039985074866065,
0.05794144108073991,
0.3114334740686631,
0.0936950056520456,
0.8529934734657262,
0.1210328923088503,
0.8336670532792417,
0.07473500404495818,
0.7241699303420842,
0.8662747404663086,
0.14496996497835776,
0.09210238796649395,
0.7392185014400774,
0.8211253252416861,
0.6080287912706427,
0.3205561357626361,
0.07328906236771744,
0.8014352549193855,
0.07221922021938781,
0.808264035607297,
0.8887626447602075,
0.14780878325133953,
0.7686896761530211,
0.05063751229848334,
0.5897257649119555,
0.043887465074657614,
0.655697817904841,
0.062416982998004286,
0.5297645414777215,
0.1743149494871545,
0.8376977215006777,
0.1568852147901262,
0.0836520008135682,
0.04443969017342822,
0.14171368158337552,
0.09164576103698517,
0.07435597599328111,
0.1737248693078992,
0.5527297504267165,
0.2008225013138076,
0.8293650224939814,
0.8623073019197875,
0.10714170968371502,
0.049896955497138386,
0.6987392280721815,
0.4007514323965232,
0.737082971458943,
0.08296302494295793,
0.0821986159589251,
0.1687249355131549,
0.2597184565786691,
0.22113016781114642,
0.04315729835568499,
0.712864497111388,
0.8794107858269571,
0.08880683931389792,
0.6517582700453195,
0.08122664537904697,
0.262958828653518,
0.9416625339697462,
0.16058635989261652,
0.08480694735046897,
0.07930671391863837,
0.7580338546125017,
0.9454690716879314,
0.046286186211485024,
0.7084434166625222,
0.8680776859026579,
0.04621631136380652,
0.140691651007884,
0.17695621528762828,
0.8426193947815536,
0.6921307680156789,
0.24104847338744426,
0.2558601383046736,
0.05451050649162185,
0.09327781437072,
0.045856503464343175,
0.8081193065987703,
0.15938583512310547,
0.03901227780429712,
0.05231665275989462,
0.7129449570370479,
0.8153459753020534,
0.05154105251055539,
0.8580966354502972,
0.05309249414560053,
0.07962664711128592,
0.04425255292333728,
0.09067688211878251,
0.8178046698387537,
0.8085338360591107,
0.8268502216590503,
0.04547299421392902,
0.07313559121165249,
0.08353327411547068,
0.05280020206710253,
0.8039291870047478,
0.3659114928832619,
0.8228788744159975,
0.6552228216893288,
0.7154561284543548,
0.810690272568181,
0.1090140290028092,
0.13164822127932058,
0.7557952997458386,
0.08954959659708109,
0.2935137593760544,
0.8315969181307421,
0.05959678304784742,
0.7612841013773587,
0.3114527980840376,
0.1281754970603533,
0.7692528222271953,
0.706479270552218,
0.060231159517338075,
0.5798891629972263,
0.05405286704276641,
0.8325382423906379,
0.6228165110115623,
0.13597004462758294,
0.05393220270286964,
0.07034991950694162,
0.921835624847651,
0.10387349809334806,
0.10100983850720952,
0.30173830748946545,
0.8223978762887321,
0.9054328722008325,
0.1512748114557757,
0.27813003052957047,
0.16118303218872024,
0.2421765703776974,
0.07906208892023911,
0.09396144735408105,
0.097748563187857,
0.8152227807994781,
0.12167789194752034,
0.15112931454999193,
0.9074595781152426,
0.23298465211848995,
0.8115937112525831,
0.7805596373747821,
0.7775743701933542,
0.07172459076180478,
0.7398585973404195,
0.858056164160052,
0.47833813997677765,
0.8057433500104977,
0.10526642670981301,
0.9263096118408776,
0.08203264252610672,
0.03257102737466799,
0.8636649358658248,
0.7666771183495951,
0.5549122923480577,
0.13662864124196716,
0.7531777102407956,
0.06680598782557137,
0.13685599834539633,
0.10309644811678788,
0.797536450883454,
0.814704120934028,
0.7460931745475191,
0.8651996940539526,
0.866846317735455,
0.08890485349433849,
0.08050858699534255,
0.14349437183099956,
0.7518496432661111,
0.5352551193227989,
0.8325193367716638,
0.7269813448896617,
0.10412258016171078,
0.19342686148958196,
0.05591608666285824,
0.07864110965451215,
0.936747006752229,
0.813857423573076,
0.679175147383535,
0.7911479014761567,
0.08961907618604835,
0.8133069566282548,
0.05149426364009466,
0.0699773362838216,
0.12973896226705905,
0.06475411769290233,
0.10607180316467357,
0.08156157654809189,
0.07518778085768746,
0.06746582623834639,
0.8075228905129145,
0.8515746131529737,
0.17483961270594803,
0.7012811320928757,
0.7794545044124999,
0.24244340145338752,
0.8025338423376682,
0.07432633329027954,
0.36793305044395447,
0.7671929897526507,
0.10607617110094425,
0.8024283549470864,
0.3877973865061694,
0.13831043919055974,
0.15992365808890988,
0.8910806434087021,
0.11220102897404076,
0.05519602401564134,
0.8463516305903397,
0.8003403126022108,
0.8349327971377912,
0.7884796215451108,
0.06169350044597293,
0.25281785106528565,
0.05821023207637197,
0.1378173772321583,
0.06876441157728952,
0.6403754366856413,
0.2235528559443896,
0.7808418149024335,
0.7262268868064234,
0.40892817021530403,
0.45244422590850686,
0.07513328575039685,
0.14918211240465337,
0.6554132681846787,
0.20125371258470193,
0.8390973271753835,
0.772336108040036,
0.8132776143439188,
0.7864079701789961,
0.20936027766736381,
0.09248486960011751,
0.8380985376847856,
0.17587354219112125,
0.8615953979358206,
0.8366625464869127,
0.790490062288995,
0.7059992127404512,
0.891588101671169,
0.1842530820490659,
0.08287416626033846,
0.6767543305522378,
0.6653730656770181,
0.6882021619772443,
0.035752025639251006,
0.8640928036724799,
0.05272123510581193,
0.08893826640511096,
0.054493555391643696,
0.6912415649086169,
0.06561413920853928,
0.7128960110564149,
0.7911660539311791,
0.9037482215998648,
0.09410896233036885,
0.6221436533340886,
0.8525283402630061,
0.11746309863641116,
0.8427522024734736,
0.10852006535986282,
0.05106603891485725,
0.6926906117462411,
0.7861599346255214,
0.054031520830080934,
0.8265354485764976,
0.04821863044961459,
0.059979566464606275,
0.06914339466442113,
0.0630627538878041,
0.8303580167087032,
0.22928912573722413,
0.8565400384350615,
0.11926815732838693,
0.7143886200279391,
0.10268922328057885,
0.7270095791976071,
0.2696328608468435,
0.06133947331960677,
0.8603038540399104,
0.767621492919371,
0.14482730537002775,
0.049440001359328155,
0.1848880845498566,
0.17272116448871608,
0.6599538833730035,
0.060053546495375365,
0.09468904121497186,
0.046753921414312026,
0.21513874665659238,
0.6993298727688082,
0.06493135011957302,
0.08383333329079978,
0.711494532954826,
0.7616924874376811,
0.08030505029127138,
0.6119756714393635,
0.04767827312376043,
0.8081981920345023,
0.08642959007283914,
0.7993047265305979,
0.8062017206265855,
0.06727003039309327,
0.2570476468985377,
0.13578635321020213,
0.15748401917902705,
0.07825217655499386,
0.09296037843631835,
0.11760944694799101,
0.36444851058470573,
0.0774486552919829,
0.4784114220149772,
0.7411253463493918,
0.601536571778918,
0.038955288609452306,
0.10347031159351344,
0.951513816667809,
0.13446110195845826,
0.11752158042441603,
0.0378670453470274,
0.08521864396879182,
0.10998108615669648,
0.12735104237519787,
0.6521113353966999,
0.597126053517497,
0.8030003750401045,
0.047715526091918294,
0.6999005388995929,
0.5354135089722248,
0.946423467203969,
0.048857713012528774,
0.16954443300832214,
0.8133778333793508,
0.05774086323606145,
0.03995590224028789,
0.05176918013164389,
0.12710654218729256,
0.8619525970192807,
0.1242686261538039,
0.05196511872645031,
0.7366354401329792,
0.743733883711537,
0.7613001667425465,
0.8132343589940395,
0.7127015714675934,
0.04994955119025381,
0.07756977624361915,
0.054940251832929186,
0.09368722248354971,
0.7261890803586126,
0.6919074352693103,
0.22640846260098602,
0.8150879807011084,
0.5047384147423954,
0.19005248225277066,
0.09703642693363553,
0.427667376786942,
0.06709926340292065,
0.39306139318680666,
0.8475263857837578,
0.16309058130124776,
0.08784497512010449,
0.35958373621604367,
0.05327540344285936,
0.8120622846574636,
0.09401111060572949,
0.057263558514728016,
0.1587321076760785,
0.27243057247266245,
0.3362917609794203,
0.06312401616761944,
0.8300326058713564,
0.11148642278675841,
0.7157448034494753,
0.07784390890609992,
0.8061839378052418,
0.030229424661835792,
0.779366890140142,
0.8026595003102752,
0.059813040265067896,
0.03275809738689032,
0.6559865349783914,
0.14509057372302447,
0.062399650036098514,
0.08767043417057091,
0.22342669376398644,
0.8037844240219044,
0.8425575095530075,
0.06037392906647543,
0.09476887786187965,
0.5917848684802907,
0.8410723290909589,
0.06876014389997483,
0.5019937940824014,
0.14766554838225163,
0.8243959373873271,
0.053198664449687946,
0.5455947423521239,
0.866305260063433,
0.7160743821416053,
0.7876446564121444,
0.8444586449533567,
0.04795436404632562,
0.8124475643108988,
0.8159630728198429,
0.07392651339571346,
0.09852020340867244,
0.6626574480951392,
0.26063549857644835,
0.7760487333806415,
0.16929829413096892,
0.09516420389831526,
0.06423229094843606,
0.11848407505976732,
0.8503169274060834,
0.04519744383753727,
0.8179399256288149,
0.7892340159445296,
0.8317912468828785,
0.06900844319482914,
0.0918005106977707,
0.058505996696838584,
0.05954584942443593,
0.7383104497378958,
0.09979873316599149,
0.9325204412122756,
0.7483566712928934,
0.18437570100131634,
0.1806129026567603,
0.08107310782537484,
0.06610891954850302,
0.11522884346500466,
0.05092186771595507,
0.06860445574989801,
0.6768902511166263,
0.7522485271212604,
0.6342610387797005,
0.7099366501761734,
0.20140404211920263,
0.047669896177355314,
0.06690014980726793,
0.16871746700995033,
0.7588842720302329,
0.07961979028785701,
0.41741594260428033,
0.09459756699008702,
0.7747260709538302,
0.16518285688170362,
0.17976601472777698,
0.08255032370531494,
0.8123923648685893,
0.6275549255441278,
0.9292979888915603,
0.8162515235788674,
0.1492140750424439,
0.058800041549391065,
0.8397500927649403,
0.059110826688273964,
0.14227023214551696,
0.11638306521077293,
0.7638500313088087,
0.8042634975781071,
0.08890518684486161,
0.14919791220288348,
0.41172751146882897,
0.8147785136241534,
0.819035650613002,
0.0550580666822062,
0.11360805715592456,
0.10282465346747802,
0.8017805067276802,
0.1003803631695603,
0.8238725635946761,
0.12157824838762792,
0.10541766344762156,
0.06864627821647298,
0.6824077393053606,
0.6561870835202491,
0.4988739868920754,
0.7379405357046667,
0.20751682649407324,
0.7473912267683981,
0.04753145799713308,
0.7874480937795754,
0.8692844839028283,
0.09464512027957675,
0.7150785072920205,
0.589134508613637,
0.04703819107261211,
0.12331750300867572,
0.780659548850703,
0.7943418380198055,
0.8483681778114129,
0.7693025657950293,
0.8916455079308542,
0.3185274463083922,
0.10685971718038627,
0.8433726076855652,
0.3455738951170769,
0.6042778801287639,
0.7950784985849255,
0.6903645787964655,
0.14970441159504413,
0.3171284510287229,
0.6633838212940821,
0.7368575014952086,
0.08929749250853578,
0.7303715094499439,
0.03587497890818974,
0.7125559624253377,
0.4112462670086979,
0.05579248401687478,
0.9845207266079234,
0.7433446703323408,
0.2554000518050111,
0.4745770248304826,
0.48118328593451815,
0.729931782991152,
0.12220020524064248,
0.8036717664979789,
0.9143338706126094,
0.8617070690985639,
0.07986787622472503,
0.33888305220959514,
0.7755274089037406,
0.056891656510401505,
0.7177305476234911,
0.11716300902150496,
0.07751793301263733,
0.7122341639891726,
0.15744395939150443,
0.21750444897371737,
0.05839598065544287,
0.8017524384428427,
0.9484943522413506,
0.02744308757185061,
0.6184863801699333,
0.11704719728017515,
0.1222254908765752,
0.08296973644153002,
0.09198995353344044,
0.06897530433870244,
0.11136749187617014,
0.09730735470862283,
0.10671110286128904,
0.06128457552701634,
0.07033650885125109,
0.549479949186218,
0.8266971790176891,
0.07206751427316582,
0.6701822081904956,
0.6535886117888159,
